$ 1 0.0000026041666666666666 382.76258214399064 61 5 43 5e-11
r -192 -240 -192 -96 0 22000
c -400 -96 -304 -96 4 1e-7 4.864030053888723 0.001 0
c -192 -96 -96 -96 4 1e-7 -0.06985375726206926 0.001 0
t -352 16 -400 16 0 1 -5.670015238095018 0.02610005427295734 100 spice-default
t -144 16 -96 16 0 1 0.7361314269442247 0.8320852384792513 100 spice-default
w -400 0 -400 -96 0
w -96 0 -96 -96 0
w -96 32 -96 80 0
w -96 80 -400 80 0
w -400 80 -400 32 0
w -352 -208 -304 -208 0
w -192 -208 -144 -208 0
w -304 -96 -144 16 0
w -352 16 -192 -96 0
w -304 -208 -256 -208 0
w -256 -208 -192 -208 0
r -96 -208 -96 -96 0 1000
r -400 -208 -400 -96 0 1000
r -304 -240 -304 -96 0 22000
t -16 0 48 0 0 1 -8.904046174357452 0.09595382497988844 100 default
r -96 0 -16 0 0 1500
w 48 80 -96 80 0
w -96 -208 48 -208 0
w -544 -208 -400 -208 0
w -544 80 -400 80 0
r -304 -304 -304 -240 0 3300
r -192 -304 -192 -240 0 3300
s -304 -352 -192 -352 0 1 true
s -304 -448 -192 -448 0 1 true
s -304 -496 -192 -496 0 1 true
r -304 -352 -304 -304 0 3900
r -192 -352 -192 -304 0 3900
r -192 -400 -192 -352 0 10000
r -192 -448 -192 -400 0 6800
r -192 -496 -192 -448 0 6800
r -192 -544 -192 -496 0 8200
r -192 -592 -192 -544 0 5600
r -304 -592 -304 -544 0 5600
r -304 -544 -304 -496 0 8200
r -304 -496 -304 -448 0 6800
r -304 -448 -304 -400 0 6800
r -304 -400 -304 -352 0 10000
w -304 -304 -352 -304 0
w -304 -352 -352 -352 0
w -304 -400 -352 -400 0
w -304 -448 -352 -448 0
w -304 -496 -352 -496 0
w -304 -544 -352 -544 0
w -304 -592 -352 -592 0
w -352 -592 -352 -544 0
w -352 -544 -352 -496 0
w -352 -496 -352 -448 0
w -352 -448 -352 -400 0
w -352 -400 -352 -352 0
w -352 -352 -352 -304 0
w -352 -304 -352 -240 0
w -352 -208 -400 -208 0
v -640 80 -640 -208 24 0 40 9 0 0 0.5
w -640 -208 -544 -208 0
w -640 80 -544 80 0
w -144 -208 -96 -208 0
211 48 -16 112 -16 0 1 48000 1
r -544 -208 -544 -16 0 33
w -544 16 -544 80 0
r -480 0 -400 0 0 1500
t -480 0 -544 0 0 1 0.5828664543594027 0.7402882479696525 100 default
w 48 16 48 80 0
r 48 -208 48 -112 0 15
r 48 -112 48 -16 0 15
s -304 -400 -192 -400 0 1 true
s -304 -304 -192 -304 0 1 true
w -352 -240 -352 -208 0
s -304 -544 -192 -544 0 1 true
s -304 -592 -192 -592 0 1 true
o 68 16 0 4106 0.0001 0.0001 0 2 68 3
